750
1 
28 
10 590 
376 619 
243 973 
676 833 
353 171 
913 
234 681 
105 67 
173 929 
659 744 
49 51 
253 643 
169 858 
881 40 
617 160 
468 
252 562 
202 
150 980 
34 
582 26 
930 128 
183 138 
818 399 
461 475 
497 
524 928 
175 124 
494 544 
422 585 
299 
91 199 
355 553 
622 55 
795 995 
394 147 
53 620 
927 853 
428 476 
3 
601 291 
17 
387 
231 99 
636 856 
25 
937 481 
982 715 
688 
48 
18 595 
372 957 
788 93 
824 612 
846 344 
157 816 
542 242 
503 415 
470 409 
765 236 
716 61 
204 410 
359 375 
133 227 
345 564 
952 894 
290 465 
897 510 
600 838 
624 841 
54 932 
336 697 
774 331 
12 979 
471 162 
438 749 
38 
806 101 
525 657 
891 455 
779 
88 64 
572 946 
198 130 
139 
941 552 
962 
23 
200 960 
945 967 
398 615 
609 751 
76 918 
127 
837 20 
35 
97 383 
9 
22 
775 
47 709 
27 797 
851 
808 589 
144 259 
77 
350 306 
588 
4 
167 
799 
426 789 
36 401 
324 263 
814 847 
454 911 
250 59 
13 
796 674 
518 523 
19 
114 512 
43 
535 424 
153 321 
832 214 
598 165 
32 545 
879 769 
224 862 
273 484 
417 581 
457 
155 96 
758 69 
73 
547 496 
84 501 
90 
579 365 
660 543 
513 705 
244 386 
947 129 
108 327 
664 840 
190 8 
82 915 
182 608 
335 835 
281 
341 44 
168 384 
871 385 
125 
951 
570 
241 
188 123 
783 916 
301 
272 
684 498 
102 116 
79 631 
81 
450 
228 
87 
211 
683 740 
117 215 
522 566 
901 801 
701 634 
154 
95 651 
537 432 
710 517 
161 633 
115 958 
256 143 
229 
576 
560 
771 
163 857 
347 
98 
37 909 
254 
181 
695 661 
0 262 
118 368 
388 407 
760 737 
827 
300 
104 156 
50 
492 912 
670 898 
366 52 
371 861 
339 2 
373 735 
805 270 
699 392 
685 403 
860 
5 
904 218 
358 
550 
187 
675 968 
57 487 
213 
286 
78 
811 
264 15 
58 447 
311 
238 490 
787 
221 330 
313 
666 402 
131 405 
828 956 
573 949 
7 
614 
176 
527 953 
762 295 
226 587 
777 
812 
288 578 
219 
278 
296 
977 6 
743 
532 
877 
80 625 
225 
836 
434 443 
700 876 
786 
965 703 
197 
60 
277 
778 
332 
416 
653 414 
266 607 
158 662 
981 884 
460 
784 
872 408 
63 
191 673 
990 395 
315 
68 474 
994 
141 
782 137 
866 892 
770 482 
936 
151 458 
996 834 
196 
436 
781 413 
247 
255 
855 
478 495 
216 
297 390 
369 
94 902 
654 
275 
70 
561 
509 
557 
644 
309 
536 
567 
596 
485 
803 
312 
726 991 
452 686 
742 
533 
899 
637 583 
577 418 
604 
11 
511 152 
106 
746 
283 
580 180 
289 223 
815 
964 
605 
516 
113 
287 
606 
230 
515 
134 873 
337 382 
201 
121 
86 469 
594 
830 
571 419 
328 
867 
520 
885 271 
870 
663 
882 31 
844 
823 
265 
632 717 
752 248 
310 195 
179 
364 
473 
360 
785 
276 
731 961 
713 
959 
449 464 
14 
790 
763 307 
203 
21 
792 
539 
406 
446 
89 
852 
878 
829 
16 
514 
222 
869 
274 
530 
772 
559 
531 
831 
802 
575 
970 
282 
963 
549 
540 
791 
284 
42 
451 
745 
707 
257 817 
934 185 
551 
759 466 
819 
679 
821 
921 
809 
984 363 
269 940 
411 
148 
245 
210 
508 
574 
807 
541 
942 
381 
848 
943 985 
103 
294 
800 427 
768 
145 
279 
178 
839 
298 
754 
603 794 
45 
519 
720 343 
569 
645 
652 
780 
648 
292 
554 
526 
939 
558 237 
444 285 
304 30 
325 
638 
120 
889 
316 
736 
730 
29 
39 
546 
919 696 
100 
826 
493 
890 
568 813 
820 
109 
629 
626 
893 
521 563 
206 318 
303 
776 
671 
534 628 
711 920 
975 
85 721 
393 
859 
379 
209 
62 
718 
538 
500 
647 
719 
440 
142 
584 
412 
338 974 
320 
804 
75 
616 
971 
722 
978 
319 
329 
972 
556 
923 
323 
914 
723 
627 
849 
302 
367 
997 
864 
597 
65 459 
845 
623 
397 
950 
908 
391 
924 
650 
793 753 
429 
24 
280 146 
314 
555 
293 
910 207 
361 
317 
149 
33 
477 
140 
586 46 
433 
41 
333 
430 
507 
649 
565 
732 
528 750 
822 
729 
922 
880 
599 668 
678 
747 
724 
887 
993 689 
246 635 
425 
342 
322 630 
111 
423 
756 
593 
725 
907 
208 
895 
591 
905 
463 
727 
613 
212 
472 
261 
969 
72 548 
92 
260 
767 
445 249 
755 
184 
217 
618 868 
714 903 
346 
378 
159 
370 
404 
810 988 
362 
702 
348 
611 
741 
462 
467 
194 
267 
692 
906 
164 
504 
166 
71 437 
999 119 
334 
356 
992 
641 
400 
728 
925 
456 
694 
854 
926 
74 
529 798 
761 
479 
938 
240 
825 66 
621 
987 
896 
480 
220 
602 
396 
658 
667 
326 
83 
986 
592 
421 
900 
232 
389 
883 698 
954 
842 
610 
712 
431 
706 
888 
453 
875 
966 
843 
669 
865 
349 
850 
354 
931 
235 
502 
738 
239 
233 
380 
687 
757 
863 
122 
733 
672 
483 
488 
665 126 
734 
189 
682 
486 
170 
439 
764 
955 
135 
944 
420 
677 
435 
268 
351 
107 
258 
933 
655 
998 
917 
874 
935 
506 
132 
112 
177 
983 
56 
680 
642 
976 
491 
704 
174 
340 
739 
886 
708 
352 
110 
489 
693 
656 
448 
357 
640 
136 
639 
948 
251 
499 
748 
989 
205 
646 
766 
186 
690 
305 
691 
192 
441 
442 
505 
377 
374 
193 
172 773 
308 
